7000
1000
41 159
47 -185
83 174
206 217
-206 -118
-181 55
19 -9
8 -9
-71 -55
3 -106
-50 166
45 147
-120 -177
56 156
-76 -143
-15 114
45 165
81 -178
-201 -156
101 -111
147 185
-211 59
-73 20
-101 -51
151 164
-95 -157
-199 42
63 -101
172 214
-71 66
-34 -25
-94 -147
-13 -64
-30 -135
-82 -164
-126 -14
-28 63
158 190
5 -169
2 -67
-100 151
-151 78
94 16
-131 -84
-120 -173
19 -167
-22 -159
-68 112
26 -110
-189 -187
-138 -114
59 -76
-39 148
70 162
79 -98
-146 31
-90 182
-161 -89
11 -135
-141 -111
13 -205
43 -183
-59 35
-31 115
-48 44
-105 -54
-103 28
-82 -178
185 175
-58 36
-8 -36
-160 -12
-121 105
-266 77
210 195
-34 82
3 131
-69 133
30 -172
-111 -111
122 240
-53 68
-16 117
-126 -145
-58 148
-129 -132
46 -42
28 -69
128 18
225 -31
-17 27
-15 -31
22 18
-42 110
-185 61
-83 -71
18 -16
30 -51
-4 -16
-42 119
-48 57
25 -111
28 25
46 -168
-150 46
-132 -184
-29 165
-152 -153
-43 1
74 159
-15 81
-191 -14
-8 -23
186 -18
-17 148
-1 -218
56 141
201 218
-102 -58
65 -61
48 -132
88 -59
-137 -7
217 -76
55 154
79 -108
-12 -128
173 146
88 -32
13 -224
-126 -132
-187 1
-137 -160
-111 -22
-78 164
-202 -33
-81 -152
-22 -66
-73 -139
79 -14
-231 89
-43 149
42 -54
-81 -134
-116 137
-59 52
-153 8
-117 38
-30 106
-133 -59
3 -126
-139 28
-68 -159
-30 -56
55 -107
-75 40
-121 -67
-113 -54
-33 64
16 -71
56 -35
0 -168
36 -84
139 -10
56 -17
41 -149
-106 79
134 177
49 -38
-116 -133
50 -73
52 -131
-51 33
-20 100
-21 132
-93 125
164 -61
-39 16
-47 12
25 -121
-137 109
35 63
82 4
157 -82
43 -104
-3 -211
-86 11
51 147
-49 69
-95 -38
-30 -70
-49 78
26 -148
-96 3
157 183
-67 137
158 246
207 22
-159 72
46 -75
-111 121
65 -62
-6 -104
-141 89
55 162
59 160
-34 -68
-42 68
-114 -168
50 -69
-101 9
-103 -10
69 182
175 200
-100 -157
54 148
-200 12
12 -87
-151 26
-60 -94
-103 84
63 4
51 151
-133 -51
170 -41
-76 -173
-153 -146
43 156
-136 14
126 172
32 165
-174 69
-121 161
-106 -205
-70 -121
-63 4
-100 -36
-192 128
-45 61
46 -71
-37 151
37 -40
182 189
137 47
-13 -148
46 176
49 -66
-31 63
-177 18
-42 72
-157 -144
38 -48
-33 139
-147 -112
237 161
-53 -96
-156 -170
-45 -83
-67 6
15 -32
-173 -3
-158 -131
-152 -200
62 147
91 -46
-32 103
21 -34
-27 78
-29 145
174 -12
33 -51
-125 -61
-120 8
-127 -31
21 -7
-147 0
17 -148
-57 64
108 -30
90 -155
24 -91
27 -193
124 -4
-65 60
-24 -168
-146 -26
-10 -4
-29 1
170 -28
34 -50
6 -158
-26 146
-135 1
14 -47
65 175
-88 -58
254 -29
-103 -47
-178 48
121 -46
18 -59
-31 76
-110 21
-140 169
113 197
-22 152
-219 34
79 -25
103 -95
-74 -48
-103 -173
-31 -68
-6 16
-125 -75
-225 76
40 -17
63 -15
-75 -245
-104 -43
-116 -36
48 -184
-273 17
25 -42
-17 -48
-237 110
127 -13
-69 -86
-136 22
-97 -148
128 208
-54 79
-112 -30
-102 2
-231 28
85 8
-177 8
-1 -140
13 -2
-290 49
-50 58
20 -134
37 -203
45 39
-37 -3
61 154
-163 19
-118 -68
-129 -59
-217 57
83 -69
28 -5
-81 79
-31 -82
-166 111
-17 100
158 -48
-47 -179
35 -128
-39 72
45 -96
-31 174
168 145
-17 118
164 4
-58 77
-115 -67
-209 15
-122 83
74 -42
-93 -21
-67 117
-64 24
-88 -95
-115 -49
69 -130
45 178
108 -13
-54 65
-34 -106
-122 -79
26 -92
13 -263
59 -58
14 -48
-139 -141
-24 87
-139 -132
-37 163
-5 -43
-84 -187
26 -65
-128 115
-207 60
-10 -140
54 -137
34 34
-23 -110
175 162
-36 -31
-50 71
183 -5
-178 -115
30 -77
-83 141
-10 125
60 171
41 -71
-8 -76
-87 170
-139 -20
-85 -40
123 -1
-19 152
-14 -160
-51 -60
34 -74
-112 -67
-66 49
-118 57
126 -19
140 163
-147 -159
147 211
-54 78
-122 -66
-239 14
-220 27
-56 -121
31 -153
-26 -22
51 -166
90 -49
-97 -55
-78 -42
4 -143
48 -46
-40 70
57 21
16 -169
-125 -108
-166 -146
63 -48
-195 56
40 -41
52 -76
-67 -167
-152 27
7 -227
-39 62
-110 109
35 -129
39 -28
-109 -155
-12 -204
-93 -40
73 -17
-41 -39
28 -159
-275 78
-87 12
-115 -59
51 -36
211 -47
-14 82
-38 161
-115 -50
-46 157
78 -64
-71 -7
42 -139
-2 -164
-93 -184
-305 64
-37 144
-5 -62
-67 -37
47 -52
-238 -17
102 -107
0 -127
-81 37
-156 34
48 -78
-74 85
-170 -130
2 -185
-42 -124
-25 -44
11 -100
11 138
-90 -183
-41 109
-82 -170
-42 141
229 -21
146 201
-139 -30
-101 -165
-67 75
-2 -43
93 -71
-27 120
-41 -273
210 -26
64 167
-1 -196
-117 92
-87 16
-34 108
-75 -171
55 -71
-139 -156
-49 137
-113 -9
129 171
-227 -22
29 -96
35 -13
40 -87
-52 77
20 -145
71 166
-96 -100
-97 -65
21 -82
17 -34
-53 130
-128 -62
-41 95
67 -195
-82 -175
144 -12
-53 -41
-12 -3
-211 -51
30 -25
-59 74
50 -10
-5 54
25 -94
135 177
158 170
-75 -23
-31 163
135 186
-47 57
-160 0
-84 157
-78 51
-26 -149
76 109
48 38
-27 133
-94 -46
-115 -69
-119 -121
-211 43
169 -63
43 -50
-120 -166
-61 149
43 -41
52 -212
191 221
-38 -29
-42 19
-57 119
-65 115
-34 130
35 -27
-15 -46
-241 29
19 -133
54 -157
37 -228
-178 -153
48 150
-163 -15
-109 -44
102 -99
-171 -10
-122 4
-94 -154
-122 13
75 140
-128 -49
-31 140
-34 -176
30 -21
6 -220
-132 75
67 -106
100 80
-68 -151
41 -235
-76 -155
45 153
-46 133
-107 -152
-132 102
170 -5
35 -50
-94 -24
48 -120
-74 43
30 -156
33 -221
-55 151
-109 -58
-38 -7
-57 -48
-61 0
-12 140
-168 -126
-205 -26
-44 80
-68 -39
-73 -145
-130 -14
2 56
-94 -159
-86 -57
-27 -160
-51 59
-91 75
22 -146
36 27
24 71
176 196
143 171
151 273
-124 -84
32 -87
26 -158
20 -43
-38 123
-81 152
-56 -182
-151 84
162 -112
-88 131
48 -125
-160 -154
24 -46
34 -14
23 -191
22 -7
-272 59
-160 -127
7 -288
134 180
77 -53
-57 -44
-199 -137
-117 -49
111 187
-34 -33
121 -10
161 35
-86 176
-65 -21
-226 -118
-102 88
-78 -211
-73 133
-49 63
-95 -35
-132 65
-27 118
-138 -149
-1 -216
-14 57
-159 66
-85 15
160 182
-116 9
-73 -249
178 -2
-85 33
-261 27
55 156
-90 -64
-53 74
-36 145
-15 -61
12 -187
-166 26
128 15
-130 -33
-80 -5
58 185
-1 -95
-167 94
-30 81
37 -149
-88 -171
12 -84
-36 28
-124 153
24 -101
-139 30
-116 -5
35 155
-70 -127
24 -83
157 190
-45 -183
-35 -151
-53 51
-45 64
190 205
-146 18
-16 118
-29 45
-16 127
-77 108
118 216
-87 85
-62 106
58 171
55 -1
41 -129
-251 99
-28 0
61 176
-70 -6
-114 95
-55 -8
73 -79
-152 -179
9 -225
62 168
-52 146
-73 123
174 220
14 -138
-79 147
155 -4
149 172
-76 72
-56 59
2 -247
-16 95
-27 -36
-26 -71
-1 -141
-107 93
-53 73
-43 105
58 157
18 -47
-99 -56
-38 49
-44 -111
-73 -147
110 -44
27 -51
-89 -6
-43 -39
-80 61
168 -103
38 -194
-95 -77
-63 141
111 19
-62 -34
-113 -107
-132 41
-126 -28
-111 73
143 -11
10 -28
-99 -173
-12 -168
66 160
52 150
29 -158
-65 76
-103 -67
-160 -174
-54 73
225 -76
-77 -158
-119 114
14 -40
65 -56
-23 -169
-9 4
-3 136
-60 29
-73 -179
47 -263
160 32
-97 138
-166 29
-248 -13
-7 -225
151 221
-96 121
71 -31
-198 73
-107 -47
152 204
137 152
39 -82
23 -99
-169 -22
-84 -67
39 -244
-78 -164
-133 -63
-21 -11
-127 -11
-63 -8
0 -199
159 203
-78 101
-224 56
-139 -147
-89 110
200 -16
-131 -36
69 138
49 169
-25 131
14 -27
-86 124
13 -233
-146 -159
16 1
-50 65
42 -90
69 165
-126 -83
-18 -221
-200 -23
25 -152
-79 -142
-63 113
51 -131
-28 -186
29 -33
52 -68
-139 -26
-61 73
155 -37
-90 -152
-65 21
73 162
-32 118
-90 -143
-42 -57
-74 -28
-113 139
158 215
1 -105
-129 42
46 -106
-65 57
-115 -51
65 145
-28 106
-37 134
29 -159
-22 -143
51 -10
43 -14
13 -18
80 -105
57 168
6 -143
-323 45
106 -196
-110 0
36 -35
-138 -62
28 -39
-84 58
69 169
-99 176
-123 -172
-108 -34
-106 137
-143 97
154 213
3 -176
-94 -118
-6 4
52 -64
154 231
-51 100
26 -193
-109 -161
-93 -46
48 -196
72 -77
-30 141
53 -81
-184 -146
-124 -43
25 -54
76 -107
44 -41
-132 -136
-237 98
56 162
65 -98
-255 59
-67 119
3 -73
-180 71
45 -58
6 -166
68 145
-21 -174
68 154
-147 -152
-123 -33
-1 -152
-22 -121
58 -101
61 -105
33 -176
225 -15
-10 -147
-33 126
-15 -6
-115 56
-107 158
-79 -152
19 -84
-32 81
-63 112
9 -12
-78 221
135 -62
72 -100
-108 -21
156 159
-146 -66
-104 -51
-39 69
-109 -157
-147 -22
53 161
-43 62
1 -30
-83 -154
-79 -4
-44 -154
232 28
-75 -123
-163 -7
68 5
-71 85
-152 20
60 -79
-110 -154
-51 81
-194 23
-59 77
53 -109
-68 19
-123 83
58 6
44 -69
96 -120
-10 -40
-201 2
146 226
-39 73
-82 102
-120 -181
-57 -143
-149 21
-121 129
-86 59
-132 -128
59 -84
-49 126
-54 57
-42 22
168 -7
-112 186
23 2
-49 135
-185 -27
-144 -26
-90 -46
-110 -15
149 236
-176 58
-108 -76
-146 68
-108 -58
-53 128
-108 -49
-214 40
-40 76
-45 -30
