30000
100
4883 4607
4601 4574
4007 5330
4107 4578
4768 4223
4783 5471
5818 6181
5264 7611
3790 4724
3564 3512
4979 3878
4109 5298
4770 4897
4286 4564
7156 5955
5462 4386
5941 5134
6653 4434
7665 5578
5993 4561
7213 4715
3586 5908
4632 3802
7077 5639
4676 3820
4925 4396
5518 5609
3724 3556
4933 6020
4153 4828
4815 5503
4808 6400
4625 4622
4505 4715
4904 5043
5184 5204
4081 5436
5204 3315
4025 3982
6779 6568
5186 5021
5782 6089
4977 4630
5900 5407
5586 5924
4693 5182
5161 5433
4890 3905
3721 5687
6436 4501
3844 7115
3976 4946
5404 4611
5869 4335
6015 5774
4453 3442
5872 4209
4308 4345
5978 6777
5474 4446
2657 4360
5878 4868
6577 5391
4791 5206
3376 3311
5300 4101
2756 5635
4822 4586
4852 5862
6359 5378
5094 4172
2700 4116
6371 5919
5435 4968
5722 7395
6050 5366
4802 4933
4932 4606
5123 6068
7603 4671
4857 4957
5042 6070
5986 5011
3495 6042
5530 4258
4609 5431
4653 4982
5266 6741
4278 5578
5782 6175
6183 3657
3857 4703
4960 6167
5422 4846
5220 6481
6725 3476
5375 4716
5708 5789
4326 5001
4866 4902
